WGS84 UTM 54N
494399.2 4232697.1 5 333 1590 IMG_6785.jpg
494399.2 4232697.1 5 758 1698 IMG_6786.jpg
494399.2 4232697.1 5 877 1942 IMG_6787.jpg
494399.2 4232697.1 5 1144 2221 IMG_6788.jpg
494399.2 4232697.1 5 1793 2404 IMG_6789.jpg
494399.2 4232697.1 5 2463 2217 IMG_6790.jpg
494399.2 4232697.1 5 3102 336 IMG_6796.jpg
494399.2 4232697.1 5 921 270 IMG_6799.jpg
494399.2 4232697.1 5 818 326 IMG_6800.jpg
494399.2 4232697.1 5 833 376 IMG_6801.jpg
494399.2 4232697.1 5 1085 413 IMG_6802.jpg
494399.2 4232697.1 5 1329 455 IMG_6803.jpg
494399.2 4232697.1 5 1504 324 IMG_6806.jpg
494399.2 4232697.1 5 1615 827 IMG_6807.jpg
494399.2 4232697.1 5 1367 2219 IMG_6808.jpg
494399.2 4232697.1 5 2836 275 IMG_6814.jpg
494399.2 4232697.1 5 2596 335 IMG_6815.jpg
494399.2 4232697.1 5 2325 200 IMG_6816.jpg
494399.2 4232697.1 5 1568 151 IMG_6817.jpg
494399.2 4232697.1 5 276 550 IMG_6823.jpg
494399.2 4232697.1 5 416 686 IMG_6824.jpg
494399.2 4232697.1 5 501 688 IMG_6825.jpg
494399.2 4232697.1 5 457 717 IMG_6826.jpg
494399.2 4232697.1 5 355 840 IMG_6827.jpg
494399.2 4232697.1 5 446 2158 IMG_6832.jpg
494399.2 4232697.1 5 564 2248 IMG_6833.jpg
494399.2 4232697.1 5 791 2235 IMG_6834.jpg
494399.2 4232697.1 5 1179 2118 IMG_6835.jpg
494399.2 4232697.1 5 1237 2346 IMG_6836.jpg
494399.2 4232697.1 5 2201 2184 IMG_6837.jpg
494399.2 4232697.1 5 2427 2037 IMG_6838.jpg
494399.2 4232697.1 5 2992 2090 IMG_6839.jpg
494400.1 4232695.9 5 1286 223 IMG_6785.jpg
494400.1 4232695.9 5 1515 286 IMG_6786.jpg
494400.1 4232695.9 5 1075 158 IMG_6787.jpg
494400.1 4232695.9 5 554 443 IMG_6788.jpg
494400.1 4232695.9 5 517 670 IMG_6789.jpg
494400.1 4232695.9 5 475 789 IMG_6790.jpg
494400.1 4232695.9 5 565 1005 IMG_6791.jpg
494400.1 4232695.9 5 981 1281 IMG_6792.jpg
494400.1 4232695.9 5 1341 1510 IMG_6793.jpg
494400.1 4232695.9 5 1834 1693 IMG_6794.jpg
494400.1 4232695.9 5 2138 1865 IMG_6795.jpg
494400.1 4232695.9 5 2744 2137 IMG_6796.jpg
494400.1 4232695.9 5 3044 836 IMG_6798.jpg
494400.1 4232695.9 5 2845 956 IMG_6799.jpg
494400.1 4232695.9 5 2894 795 IMG_6800.jpg
494400.1 4232695.9 5 3147 662 IMG_6801.jpg
494400.1 4232695.9 5 946 266 IMG_6810.jpg
494400.1 4232695.9 5 856 634 IMG_6811.jpg
494400.1 4232695.9 5 965 925 IMG_6812.jpg
494400.1 4232695.9 5 2752 878 IMG_6818.jpg
494400.1 4232695.9 5 2857 773 IMG_6819.jpg
494400.1 4232695.9 5 3074 745 IMG_6820.jpg
494400.1 4232695.9 5 2924 846 IMG_6821.jpg
494400.1 4232695.9 5 2976 637 IMG_6822.jpg
494400.1 4232695.9 5 3052 726 IMG_6823.jpg
494400.1 4232695.9 5 3127 656 IMG_6824.jpg
494400.1 4232695.9 5 3239 528 IMG_6825.jpg
494400.1 4232695.9 5 3033 598 IMG_6826.jpg
494400.1 4232695.9 5 1755 197 IMG_6829.jpg
494400.1 4232695.9 5 1443 573 IMG_6831.jpg
494400.1 4232695.9 5 853 791 IMG_6832.jpg
494400.1 4232695.9 5 601 852 IMG_6833.jpg
494400.1 4232695.9 5 238 455 IMG_6834.jpg
494400.1 4232695.9 5 148 301 IMG_6835.jpg
494400.1 4232695.9 5 419 1386 IMG_6846.jpg
494400.1 4232695.9 5 585 1455 IMG_6847.jpg
494400.1 4232695.9 5 849 1393 IMG_6848.jpg
494400.1 4232695.9 5 1002 1486 IMG_6849.jpg
494400.1 4232695.9 5 1455 1461 IMG_6850.jpg
494400.1 4232695.9 5 1753 1544 IMG_6851.jpg
494400.1 4232695.9 5 1892 1574 IMG_6852.jpg
494400.1 4232695.9 5 1854 1537 IMG_6853.jpg
494399.2 4232695.0 5 2335 300 IMG_6785.jpg
494399.2 4232695.0 5 2600 320 IMG_6786.jpg
494399.2 4232695.0 5 2234 18 IMG_6787.jpg
494399.2 4232695.0 5 1647 127 IMG_6788.jpg
494399.2 4232695.0 5 1557 226 IMG_6789.jpg
494399.2 4232695.0 5 1396 218 IMG_6790.jpg
494399.2 4232695.0 5 1408 224 IMG_6791.jpg
494399.2 4232695.0 5 1568 356 IMG_6792.jpg
494399.2 4232695.0 5 1572 374 IMG_6793.jpg
494399.2 4232695.0 5 1261 498 IMG_6794.jpg
494399.2 4232695.0 5 647 824 IMG_6795.jpg
494399.2 4232695.0 5 782 1334 IMG_6796.jpg
494399.2 4232695.0 5 1405 1522 IMG_6797.jpg
494399.2 4232695.0 5 1598 1970 IMG_6798.jpg
494399.2 4232695.0 5 1992 2387 IMG_6799.jpg
494399.2 4232695.0 5 2598 2147 IMG_6800.jpg
494399.2 4232695.0 5 2187 19 IMG_6811.jpg
494399.2 4232695.0 5 2269 142 IMG_6812.jpg
494399.2 4232695.0 5 120 328 IMG_6813.jpg
494399.2 4232695.0 5 1712 2190 IMG_6818.jpg
494399.2 4232695.0 5 2264 2255 IMG_6819.jpg
494399.2 4232695.0 5 2892 2334 IMG_6820.jpg
494399.2 4232695.0 5 3044 426 IMG_6829.jpg
494399.2 4232695.0 5 2250 557 IMG_6830.jpg
494399.2 4232695.0 5 2607 610 IMG_6831.jpg
494399.2 4232695.0 5 1983 748 IMG_6832.jpg
494399.2 4232695.0 5 1753 776 IMG_6833.jpg
494399.2 4232695.0 5 1495 361 IMG_6834.jpg
494399.2 4232695.0 5 1455 113 IMG_6835.jpg
494399.2 4232695.0 5 758 401 IMG_6836.jpg
494399.2 4232695.0 5 446 294 IMG_6839.jpg
494399.2 4232695.0 5 355 185 IMG_6840.jpg
494399.2 4232695.0 5 611 429 IMG_6841.jpg
494399.2 4232695.0 5 638 505 IMG_6842.jpg
494399.2 4232695.0 5 993 453 IMG_6843.jpg
494399.2 4232695.0 5 927 253 IMG_6844.jpg
494399.2 4232695.0 5 939 264 IMG_6845.jpg
494399.2 4232695.0 5 965 346 IMG_6846.jpg
494399.2 4232695.0 5 1064 338 IMG_6847.jpg
494399.2 4232695.0 5 1044 256 IMG_6848.jpg
494399.2 4232695.0 5 1086 290 IMG_6849.jpg
494399.2 4232695.0 5 1026 377 IMG_6850.jpg
494399.2 4232695.0 5 1101 516 IMG_6851.jpg
494399.2 4232695.0 5 1041 557 IMG_6852.jpg
494399.2 4232695.0 5 935 542 IMG_6853.jpg
494398.3 4232696.3 5 2079 1894 IMG_6785.jpg
494398.3 4232696.3 5 2654 1952 IMG_6786.jpg
494398.3 4232696.3 5 3034 1659 IMG_6787.jpg
494398.3 4232696.3 5 2939 1348 IMG_6788.jpg
494398.3 4232696.3 5 3233 1239 IMG_6789.jpg
494398.3 4232696.3 5 254 203 IMG_6798.jpg
494398.3 4232696.3 5 510 1514 IMG_6802.jpg
494398.3 4232696.3 5 1316 1766 IMG_6803.jpg
494398.3 4232696.3 5 1576 1175 IMG_6804.jpg
494398.3 4232696.3 5 1673 1785 IMG_6805.jpg
494398.3 4232696.3 5 1706 2362 IMG_6806.jpg
494398.3 4232696.3 5 1105 124 IMG_6815.jpg
494398.3 4232696.3 5 803 169 IMG_6816.jpg
494398.3 4232696.3 5 13 365 IMG_6817.jpg
494398.3 4232696.3 5 451 2263 IMG_6827.jpg
494398.3 4232696.3 5 1591 2324 IMG_6829.jpg
494398.3 4232696.3 5 1319 1830 IMG_6830.jpg
494398.3 4232696.3 5 2227 1864 IMG_6831.jpg
494398.3 4232696.3 5 3172 1668 IMG_6833.jpg
494398.3 4232696.3 5 3138 1360 IMG_6834.jpg
494398.3 4232696.3 5 2683 1120 IMG_6836.jpg
494398.3 4232696.3 5 3021 757 IMG_6837.jpg
494398.3 4232696.3 5 2753 628 IMG_6838.jpg
494398.3 4232696.3 5 2898 613 IMG_6839.jpg
494398.3 4232696.3 5 3033 448 IMG_6840.jpg
494398.3 4232696.3 5 3197 676 IMG_6841.jpg
494398.3 4232696.3 5 3246 758 IMG_6842.jpg
494398.3 4232696.3 5 3221 339 IMG_6851.jpg
494398.3 4232696.3 5 3078 335 IMG_6852.jpg
494398.3 4232696.3 5 2901 252 IMG_6853.jpg
